[channel0]
dry_voltage = 2.888050180752326
wet_voltage = 2.294340283341474
threshold_pct = 50.0

[channel1]
dry_voltage = 2.847430346849048
wet_voltage = 1.69696859794822
threshold_pct = 50.0

[channel2]
dry_voltage = 0.9135060478749385
wet_voltage = 0.9102444553004397
threshold_pct = 50.0

[channel3]
dry_voltage = 0.9010399609184171
wet_voltage = 0.9003996482657547
threshold_pct = 50.0

